100
256019 281027 259 9921
300768 581011 891 3241
384348 914854 77 9919
592346 56805 397 9246
169585 260742 863 3931
776765 750938 811 9955
306699 95436 959 9901
754459 313460 842 439
467538 428229 386 9994
176245 321030 656 6958
413149 407727 58 9995
601710 267693 130 8433
90221 568894 252 5005
495547 791816 547 6239
768348 241159 523 5397
644997 666438 127 9942
727926 507182 342 9941
0 941715 506 3101
521192 448917 918 9966
682222 488912 515 9955
246378 823619 840 9926
844858 500583 848 2745
54675 331266 224 9993
929077 0 818 1
735735 861063 951 9919
60202 782847 243 9909
0 964701 424 1
990075 315907 37 2958
853267 60256 570 4022
880363 737204 721 9905
807698 490097 527 3730
810900 70485 903 9304
698247 242942 692 778
0 0 10 5
21552 361783 588 1393
0 0 100 199
924190 947011 64 2122
512460 26146 509 9937
734427 149694 453 1119
76712 205341 393 3969
22682 528619 277 9908
347962 0 851 1
345301 95371 639 9939
0 0 1000 10000
0 0 969 6830
726182 416896 61 9903
430566 294018 149 9998
775556 319059 498 160
657795 317189 661 9643
285317 660011 813 1796
62070 744329 977 7363
114438 721311 507 9994
438995 633052 913 9935
849110 98328 892 9907
740636 967817 182 4709
86594 447674 916 9922
918731 607726 716 7413
745147 750905 379 9154
585471 450218 917 5218
883193 910673 724 9462
426235 707299 904 9904
544668 0 681 887
772105 327238 370 2952
390434 185482 733 9951
749796 808419 373 9954
379351 871792 948 9981
500522 301354 862 5929
792313 877800 6 9955
783360 251259 63 5999
698913 980485 579 767
890062 269969 964 469
594276 510817 255 9901
786075 381571 693 9942
90552 369502 653 3732
309130 237840 57 2893
990533 210443 235 9972
373554 7120 217 9937
347757 33387 528 9997
310363 236015 737 8243
324211 445613 61 4968
955336 887394 107 9932
174597 921570 924 3242
207684 664669 155 2114
927209 496966 471 3970
676904 485623 723 2937
781867 417327 605 9990
501704 751349 614 9935
456833 740329 214 9951
975856 847267 812 9917
634305 675692 112 9522
106352 909175 350 9943
775081 308192 325 9911
645493 517252 143 3102
401406 304842 823 9972
255096 284831 173 9933
667049 781170 816 7529
0 0 334 1
876647 729650 577 9943
146322 919295 94 2393
414181 323614 6 9953
